Symmetric matrix A:
      4.85        6.2       5.36       1.09       4.48 
       6.2       6.52        7.3       2.71       4.32 
      5.36        7.3       5.09      0.314       3.76 
      1.09       2.71      0.314       5.18       6.36 
      4.48       4.32       3.76       6.36        2.3 
Eigenvalues e:      -4.1      -1.48    -0.0157       7.24       22.3 
Eigenvectors V:
     0.268      0.125      0.806      0.211      0.467 
    -0.167      0.666     -0.422      0.188      0.562 
     0.265     -0.665     -0.356      0.365      0.477 
     0.521     0.0387     -0.131     -0.796      0.277 
    -0.748     -0.312      0.166     -0.391      0.404 
D matrix: 
      4.85        6.2       5.36       1.09       4.48 
       6.2       6.52        7.3       2.71       4.32 
      5.36        7.3       5.09      0.314       3.76 
      1.09       2.71      0.314       5.18       6.36 
      4.48       4.32       3.76       6.36        2.3 
Matrix V^TAV:
      -4.1   7.77e-16  -8.88e-16  -8.88e-16      2e-15 
  8.33e-16      -1.48  -1.94e-16  -9.99e-16  -1.89e-15 
 -9.93e-16   1.85e-16    -0.0157   8.65e-16  -1.15e-15 
 -4.44e-16  -1.22e-15   1.28e-15       7.24   4.44e-16 
  8.88e-16  -1.78e-15  -8.88e-16  -4.44e-16       22.3 
V^TAV = D, test passed.
Eigenvalues from cyclic method:       -4.1      -1.48    -0.0157       7.24       22.3 
Eigenvalues from row-by-row method:       -4.1      -1.48    -0.0157       7.24       22.3 
