Symmetric matrix A:
      4.03       6.19       6.04       6.38        4.6 
      6.19       4.12       1.93       7.91       4.92 
      6.04       1.93       7.63       5.17       3.98 
      6.38       7.91       5.17       3.03      0.723 
       4.6       4.92       3.98      0.723      0.204 
Eigenvalues e:     -6.97      -2.88      0.433       4.72       23.7 
Eigenvectors V:
    -0.136      0.837      0.142     0.0226      -0.51 
    -0.545     -0.406      0.103      0.556     -0.468 
    -0.227     -0.278     -0.138     -0.795     -0.469 
     0.597    -0.0904     -0.602       0.24     -0.464 
     0.526     -0.222      0.767    -0.0338     -0.292 
D matrix: 
      4.03       6.19       6.04       6.38        4.6 
      6.19       4.12       1.93       7.91       4.92 
      6.04       1.93       7.63       5.17       3.98 
      6.38       7.91       5.17       3.03      0.723 
       4.6       4.92       3.98      0.723      0.204 
Matrix V^TAV:
     -6.97   1.59e-14   2.22e-15  -9.71e-16     -6e-15 
  1.58e-14      -2.88  -1.39e-15   1.08e-16  -1.19e-15 
  1.36e-15  -1.68e-15      0.433  -4.35e-16   4.08e-15 
 -1.32e-15   2.29e-16  -2.64e-16       4.72    9.3e-16 
 -6.66e-15  -4.44e-16   6.22e-15   3.05e-16       23.7 
V^TAV = D, test passed.
Eigenvalues from cyclic method found after 5 sweeps:                   -6.97      -2.88      0.433       4.72       23.7 
3 first eigenvalues from row-by-row method found after 31 sweeps:      -6.97      -2.88      0.433 
Eigenvalues from the classic method found after 9 rotations:          -6.97      -2.88      0.433       4.72       23.7 
