Symmetric matrix A:
    0.0977       4.77       4.62       8.94       1.84 
      4.77       2.65        5.7       6.11       1.07 
      4.62        5.7       4.89       7.76       8.23 
      8.94       6.11       7.76       1.95       4.01 
      1.84       1.07       8.23       4.01       4.57 
Eigenvalues e:     -8.32      -5.11      -2.05       4.77       24.9 
Eigenvectors V:
      0.66      0.128     -0.517      0.361      0.387 
    0.0265      0.394      0.717      0.428      0.382 
     0.174      -0.72      0.262     -0.279      0.551 
     -0.73    -0.0267     -0.381      0.256      0.506 
    0.0197      0.555    -0.0681     -0.737      0.379 
D matrix: 
    0.0977       4.77       4.62       8.94       1.84 
      4.77       2.65        5.7       6.11       1.07 
      4.62        5.7       4.89       7.76       8.23 
      8.94       6.11       7.76       1.95       4.01 
      1.84       1.07       8.23       4.01       4.57 
Matrix V^TAV:
     -8.32   1.47e-15    4.6e-16  -1.25e-16  -3.99e-15 
  3.61e-16      -5.11  -3.33e-16   3.11e-15   4.44e-16 
  1.32e-15   4.02e-16      -2.05   2.36e-16   3.41e-15 
 -1.44e-15   1.78e-15   3.61e-16       4.77  -4.44e-15 
 -3.11e-15          0   2.89e-15  -5.33e-15       24.9 
V^TAV = D, test passed.
Eigenvalues from cyclic method:      -8.32      -5.11      -2.05       4.77       24.9 
Eigenvalues from row-by-row method:      -8.32      -5.11      -2.05 
